





%Trial datasets. ~75 faulty datasets which needs revisiting.
P1_1_1=6,10,11
P1_1_2=14,11,9
P1_1_3=8,12,18
P1_2_1=11,13,18
P1_2_2=10,17,18 %- missed
P1_2_3=15,17,18 %- missed
P1_3_1=8,9,14
P1_3_2=6,12,20
P1_3_3=12,14,15

P2_1_1=4,17,21
P2_1_2=7,18,23
P2_1_3=5,19,24
P2_2_1=3,16,17
P2_2_2=1,12,13
P2_2_3=1,11,20
P2_3_1=1,17,28
P2_3_2=1,19,32
P2_3_3=1,9,31 %-missed 42

P4_1_1=2,5,12
P4_1_2=2,3,11
P4_1_3=1,3,5 %- all missed
P4_2_1=6,7,12
P4_2_2=6,8,12
P4_2_3=8,9,12
P4_3_1=10,14,22
P4_3_2=11,15,19
P4_3_3=4,15,19

P5_1_1=3,7,19
P5_1_2=4,9,30
P5_1_3=6,12,28
P5_2_1=11,13,17
P5_2_2=7,8,16,40
P5_2_3=6,13,24
P5_3_1=7,10,11
P5_3_2=5,6,9
P5_3_3=6,8,10 %- one too many 29

P6_1_1=4,7,12 %- missed
P6_1_2=6,12,16
P6_1_3=3,5,10
P6_2_1=1,3,13
P6_2_2=1,2,9
P6_2_3=1,2,8,17
P6_3_1=3,6,16
P6_3_2=4,7,15
P6_3_3=2,3,11

P7_1_1=1,2,17
P7_1_2=1,3,17,21 %-missed
P7_1_3=1,4,16,23 %-missed
P7_2_1=2,4,24,26 %-missed - not sure on these 3, could just be frontal...
P7_2_2=1,3,18,29
P7_2_3= 2,3,12, 21 %-missed 12
P7_3_1=1,6,20
P7_3_2=1,12,15
P7_3_3=1,9

P8_1_1=3,12,21
P8_1_2=3,11
P8_2_1=1,7,16
P8_2_2=1,5,14
P8_2_3=2,6,19
P8_3_1=6,14,31,50
P8_3_2=1,3,25 %- missed, 3 too many/
P8_3_3=1,5,27

P11_1_1=7,10,16
P11_1_2=3,10,11
P11_1_3=2,11,14
P11_2_1=2,7,8
P11_2_2=3,11,12
P11_2_3=2,8,10 %- missed, 20 no need to remove.
P11_3_1=3,6,9
P11_3_2=6,7,10
P11_3_3=4,5,9

P12_1_1=3,4,24
P12_1_2=3,8,22
P12_1_3=4,7,25
P12_2_1=1,10,25 %-missed the 10
P12_2_2=5,8,25
P12_2_3=7,9,25
P12_3_1=2,5,23
P12_3_2=4,5,25
P12_3_3=4,5,24

P13_1_1=3,10,16
P13_1_2=4,13,17
P13_1_3=5,12,16
P13_2_1=6,7,19 %- missed 6
P13_2_2=4,6,17
P13_2_3=8,9,23
P13_3_1=7,8,22,24
P13_3_2=2,9,24,25
P13_3_3=2,10,26,28

P14_1_1=1,2,14
P14_1_2=1,3,12
P14_1_3=1,4,15
P14_2_1=1,4,10,23 %- missed 23, and auto 24 instead
P14_2_2=1,2,7 %- removed 38, wrong
P14_2_3=1,3,10 %- removed 26, wrong
P14_3_1=1,3,15
P14_3_2=1,3,11
P14_3_3=1,5,14

P15_1_1=6,26,33
P15_1_2=7,27,30
P15_1_3=7,26,28
P15_2_1=4,20,27
P15_2_2=5,20,26 %- removed 56 not necessary
P15_2_3=3,14 %- removed 63 not necessary
P15_3_1=22,27,32 %- missed 22, removed 73 not ness
P15_3_2=6,27,31
P15_3_3=1,25,38 %removed 65 not necessary -----59

P17_1_1=4,8,17
P17_1_2=6,9,16
P17_1_3=3,9,19
P17_2_1=2,7,14
P17_2_2=4,5,19
P17_2_3=1,4,16
P17_3_1=3,11,17
P17_3_2=2,7,20,22?
P17_3_3= %-Consider fixing all the channels that were removed. Strange ICA.

P18_1_1=15,27
P18_1_2=7,25 %removed 41, not necessary
P18_1_3=3,29,36 %removed 38 not necessary
P18_2_1=4,24,29,31
P18_2_2=2,22,27
P18_2_3=4,19,21
P18_3_1=6,28,33
P18_3_2=9,28,34
P18_3_3= 8,27,35

P19_1_1=9,14,16
P19_1_2=10,13,16
P19_1_3=7,13,14
P19_2_1=15,22,23
P19_2_2=15,19,21
P19_2_3=11,14,15
P19_3_1=6,10,12 %missed 10, not necessary 28
P19_3_2=2,11,13
P19_3_3=7,10,12

P20_1_1=7,13,16 %missed 7,not necessary 4
P20_1_2=5,14,15
P20_1_3=5,13,15
P20_2_1=2,16,18 %missed 2, not necessary 49
P20_2_2=7,15,16 %missed 7, not necessary 77
P20_2_3=8,16,18
P20_3_1=3,13,16
P20_3_2=6,11,18
P20_3_3=3,13,16 %missed all components

P21_1_1=1,10,21
P21_1_2=2,15
P21_1_3=4,10,23,24
P21_2_1=2,3,21
P21_2_2=2,5
P21_2_3=2,4,31
P21_3_1=2,5,23
P21_3_2=5,11 %missed all components

P22_1_1=5,11,19 %missed 19, removed 62 not necessary
P22_1_2=6,13,14 %missed 14, removed 75 not necessary
P22_1_3=5,7,12 %missed 5, removed 64 not nnecessary
P22_2_1=8,9,17,36 %missed 17,
P22_2_2=6,8,17,133 %missed 17
P22_2_3=7,8,32
P22_3_1=7,8,18 %missed 18, removed 10 not necessary
P22_3_2=8,10,15 %missed 15, removed 12 not necessary
P22_3_3=6,9,20 %missed 20, removed 15, not necessary, tricky actually

P23_1_1=9,19,25
P23_1_2=17,18
P23_1_3=17,18
P23_2_1=17,22,29
P23_2_2=14,15
P23_2_3=12,22
P23_3_2=13,17,25
P23_3_3=11,17
P23_3_5=13,21,30

%Look deeper into part 24. Might just be that the removal of channels is a
%huge issue, just like Peter suggested.
%Maybe just disregard this whole participant?
P24_1_1= -removed way too many channels.
P24_1_2=11,22 %removed 2 not necessary, channel removal issue? Could be movement?
P24_1_3=15,26
P24_2_1=18,19 %removed too many components, 2,63,274.
P24_2_2=15,19,20 %components like strange in general. Many hannels removed
P24_2_3=17,24 %removed 3 not necessary. 1 channels removed. 40mm movement.
P24_3_1=14,23 %removed 4,7 not necessary. Channels removed look like eyelink... Worth looking into.
P24_3_2=19,26 %removed channels look strange, might be tracking head movement...
P24_3_3=26,28? %removed 34 not necessary. Still strange components.

P26_1_1=14,15,16
P26_1_2=12,17,24
P26_1_3=16,17,19
P26_2_1=13,16,20
P26_2_2=12,15,18
P26_2_3=13,14,21 %missed 13, not necessary 73
P26_3_1=17,21,23
P26_3_2=18,21,25 %not necessary 43
P26_3_3=16,26,29

P27_1_1=1,3,6
P27_1_2=3,5,10 %not necessary 25
P27_1_3=2,3,5 %not necessary 47
P27_2_1=1,2,6 %missed 6, not necessary 10
P27_2_2=1,4,8
P27_2_3=1,3,4
P27_3_1=1,2,4 %not necessary 26
P27_3_2=1,2,3 %not necessary 20
P27_3_3=1,2,3 %not necessary 18, actually 3 past datasets, same half-artifact looking component.


P28_1_1=6,8,10
P28_1_2=4,9,10
P28_1_3=1,8,9
P28_2_1=5,8,9
P28_2_2=4,11,13
P28_2_3=4,10,12
P28_3_1=5,9,12 %missed 5, not necessary 10
P28_3_2=6,12,15 %missed 6, not necessary 13
P28_3_3=3,13,18

P29_1_1=6,7,15 %missed 6, not necessary 19
P29_1_2=7,8,19,43
P29_1_3=8,9,17
P29_2_1=3,4,10
P29_2_2=5,7,11
P29_2_3=6,9,11
P29_3_1=4,6,15,263 %not necessary 263, looks artifactual though
P29_3_2=3,6,11
P29_3_3=4,6,10

P30_1_1=2,20,24
P30_1_2=4,23,34
P30_1_3=4,25,29
P30_2_1=2,14,22
P30_2_2=6,17,25
P30_2_3=9,24,29
P30_3_1=1,14,18
P30_3_2=2,18,22
P30_3_3=5,21,23 %missed 5, not necessary 16

P31_1_1=12,13,20
P31_1_2=6,12,18
P31_1_3=6,10,17
P31_2_1=7,13,17
P31_2_2=8,12,15
P31_2_3=7,11,14
P31_3_1=7,11,13
P31_3_2=5,8,12
P31_3_3=8,10,13

P32_1_1=1,3,4 %missed 4, not necessary 12
P32_1_2=1,2,3
P32_1_3=1,2,3
P32_2_1=1,2,4
P32_2_2=1,2,3
P32_2_3=1,2,3

P32_3_2=1,2,3
P32_3_3=1,2,3

P33_1_1=4,10,12
P33_1_2=5,7
P33_1_3= %Massive head movement, weird components, many channels removed.
P33_2_1=1,11,12
P33_2_2=1,6,10,251
P33_2_3=3,4,7 %many removed channels, lots of head movement....
P33_3_1=2,6,13
P33_3_2=2,6
P33_3_3=1,7,8


P34_1_1=4,10,13
P34_1_2=4,10,15,20,22
P34_1_3=7,10,14,19
P34_2_1=9,10,14,18
P34_2_2=8,12,14,20
P34_2_3=6,8,17,19
P34_3_1=4,6,9,19
P34_3_2=5,9,13,19
P34_3_3=6,12,14,19

P35_1_1=14,15,22
P35_1_2=16,18,21
P35_1_3=14,17,21
P35_2_1=13,17,18
P35_2_2=16,17,20
P35_2_3=13,14,18 %not necessary 34
P35_3_2=19,23,26
P35_3_3=19,24,27
P35_3_4=22,28,29

%Many massive movements throughout part 36
P36_1_1=2,8,13 %Missed 8, not necessary 21
P36_1_2=2,4,12 %Missed 4, not necessary 8
P36_1_3=3,4,11
P36_2_1=1,2,9
P36_2_2=1,5,9,14
P36_2_3=1,2,7,22
P36_3_1=1,2,11
P36_3_2=1,2,11
P36_3_3=1,2,12

%Some jumps and removed channels.
P37_1_1=11,17
P37_1_2=13,21
P37_1_3=13,15
P37_2_1=10,12
P37_2_2=10,12
P37_2_3=17,18
P37_3_1=10,11
P37_3_2=13,14
P37_3_3=9,10

%Last 3_3, lots of jumps and channel removals.
%Many components look strange, jittered. Headm looks shaky.
%Many components variances looks strange too.
P38_1_1=3,6,8
P38_1_2=4,5,11
P38_1_3=3,4,17
P38_2_1=2,3,17
P38_2_2=2,4,18
P38_2_3=1,3,7
P38_3_1=2,4,15
P38_3_2=3,4,11
P38_3_3=3,4,12

%A couple bad headm, last many jumps and channel removal.
P39_1_1=28,29,37
P39_1_2=27,29,36 %not necessary 41
P39_1_3=25,28,33
P39_2_1=28,31,34,39
P39_2_2=29,30,33 %not necessary 40
P39_2_3=25,32,36,42
P39_3_1=24,28,31
P39_3_2=22,24,28
P39_3_3=22,26,36

%Good headm, but quite few jumps in a couple of the datasets.
P40_1_1=6,9,18
P40_1_2=4,10,18
P40_1_3=4,8,12
P40_2_1=1,3,10,28,29 %Missed 3 and 10, not necessary 36, 139, 209
P40_2_2=3,7,31
P40_2_3=3,11,25
P40_3_1=5,6,11
P40_3_2=6,7,9
P40_3_3=3,4,12

%2_2 bad headm, 2_3 many jumps, 3_1 bad headm, 3_2 bad headm, 3_3 bad headm,
P41_1_2=1,2,12,21
P41_1_3=1,3,12
P41_1_4=2,4,13
P41_2_1=2,3,5,10
P41_2_2=1,3,7,17
P41_2_3=1,4,8,16 %not sure on 16
P41_3_1=1,2,8,21 %missed 1
P41_3_2=1,2,19,27 %missed 1, not necessary 12.
P41_3_3=1,2,25 %missed 1, not necessary 10

%almost all have peaks of bad headm
P43_1_1=27,29,35 %missed 29, not necessary 77
